image_00000 229 269 247 303
image_00001 230 265 246 301
image_00002 231 262 250 304
image_00003 229 269 249 300
image_00004 228 267 255 308
image_00005 232 266 253 307
image_00006 231 264 253 307
image_00007 227 265 252 303
image_00008 230 262 249 305
image_00009 223 258 249 305
image_00010 225 257 249 303
image_00011 226 254 252 307
image_00012 227 251 246 304
image_00013 225 254 249 307
image_00014 223 251 248 307
image_00015 225 250 249 308
image_00016 225 255 250 307
image_00017 227 258 250 307
image_00018 225 247 259 307
image_00019 225 249 259 305
image_00020 224 245 261 306
image_00021 224 247 258 307
image_00022 225 248 261 309
image_00023 224 248 261 307
image_00024 221 242 261 311
image_00025 222 246 262 308
image_00026 223 251 263 308
image_00027 220 246 264 308
image_00028 222 250 263 310
image_00029 224 247 263 308
image_00030 219 244 262 309
image_00031 225 247 262 310
image_00032 240 245 267 312
image_00033 238 246 266 312
image_00034 236 243 266 312
image_00035 239 242 266 310
image_00036 241 242 272 308
image_00037 240 245 265 310
image_00038 240 248 268 310
image_00039 240 242 271 307
image_00040 239 245 267 314
image_00041 241 242 268 310
image_00042 240 249 263 308
image_00043 240 246 265 307
image_00044 240 246 266 308
image_00045 237 239 266 310
image_00046 246 239 265 279
image_00047 247 241 269 275
image_00048 249 238 267 275
image_00049 251 238 266 270
image_00050 252 239 271 268
image_00051 255 237 269 266
image_00052 255 237 270 268
image_00053 254 235 270 267
image_00054 256 241 270 268
image_00055 254 241 267 268
image_00056 255 241 268 266
image_00057 254 235 268 266
image_00058 255 240 267 265
image_00059 256 237 267 261
image_00060 254 238 263 258
image_00061 257 242 261 255
image_00062 255 243 262 260
image_00063 256 243 261 256
